n   Lagrange   Newton
5   0.13557534297258458   0.13557534297258358
10   0.12645755446806084   0.12645755446809195
15   1.861896632214439   1.861896632412206
20   1.6139542407126757   1.6139542476520101
25   937.8455100036294   937.8454874713608
30   39.08624257115524   39.071024755552465
35   34058.16154833964   34061.30886234113
40   6124.471689829559   1239.104709866904
45   1.9074566374058582e7   34169.057120840494
50   6.389245747536483e9   2.4392765749552375e8
55   1.6939916086568936e13   3.6227868591430264e9
60   2.5882516641083465e15   2.3350489143787973e13

